name: hackathon2
channels:
  - anaconda
  - biobakery
  - conda-forge
  - bioconda
  - defaults
dependencies:
  - _libgcc_mutex=0.1=conda_forge
  - _openmp_mutex=4.5=2_gnu
  - blast=2.14.0=h7d5a4b4_1
  - bzip2=1.0.8=h7f98852_4
  - c-ares=1.19.1=hd590300_0
  - ca-certificates=2023.05.30=h06a4308_0
  - csvtk=0.25.0=h9ee0642_0
  - curl=8.1.1=h5eee18b_1
  - entrez-direct=16.2=he881be0_1
  - gettext=0.21.1=h27087fc_0
  - keyutils=1.6.1=h166bdaf_0
  - kma=1.4.9=he4a0461_2
  - kraken2=2.1.3=pl5321hdcf5f25_0
  - krb5=1.20.1=hf9c8cef_0
  - ld_impl_linux-64=2.40=h41732ed_0
  - libcurl=8.1.1=h91b91d3_1
  - libedit=3.1.20221030=h5eee18b_0
  - libev=4.33=h516909a_1
  - libffi=3.3=he6710b0_2
  - libgcc-ng=13.1.0=he5830b7_0
  - libgomp=13.1.0=he5830b7_0
  - libidn2=2.3.4=h166bdaf_0
  - libnghttp2=1.52.0=ha637b67_1
  - libnsl=2.0.0=h7f98852_0
  - libsqlite=3.42.0=h2797004_0
  - libssh2=1.10.0=h37d81fd_2
  - libstdcxx-ng=13.1.0=hfd8a6a1_0
  - libunistring=0.9.10=h7f98852_0
  - libzlib=1.2.13=hd590300_5
  - ncurses=6.4=h6a678d5_0
  - openssl=1.1.1u=hd590300_0
  - pcre=8.45=h9c3ff4c_0
  - perl=5.32.1=2_h7f98852_perl5
  - perl-archive-tar=2.40=pl5321hdfd78af_0
  - perl-carp=1.50=pl5321hd8ed1ab_0
  - perl-common-sense=3.75=pl5321hdfd78af_0
  - perl-compress-raw-bzip2=2.201=pl5321h87f3376_1
  - perl-compress-raw-zlib=2.202=pl5321h166bdaf_0
  - perl-encode=3.19=pl5321hec16e2b_1
  - perl-exporter=5.74=pl5321hd8ed1ab_0
  - perl-exporter-tiny=1.002002=pl5321hdfd78af_0
  - perl-extutils-makemaker=7.70=pl5321hd8ed1ab_0
  - perl-io-compress=2.201=pl5321hdbdd923_2
  - perl-io-zlib=1.14=pl5321hdfd78af_0
  - perl-json=4.10=pl5321hdfd78af_0
  - perl-json-xs=2.34=pl5321h4ac6f70_6
  - perl-list-moreutils=0.430=pl5321hdfd78af_0
  - perl-list-moreutils-xs=0.430=pl5321h031d066_2
  - perl-parent=0.241=pl5321hd8ed1ab_0
  - perl-pathtools=3.75=pl5321hec16e2b_3
  - perl-scalar-list-utils=1.63=pl5321h166bdaf_0
  - perl-types-serialiser=1.01=pl5321hdfd78af_0
  - pip=23.1.2=pyhd8ed1ab_0
  - python=3.8.5=h7579374_1
  - readline=8.2=h5eee18b_0
  - setuptools=68.0.0=pyhd8ed1ab_0
  - sqlite=3.42.0=h2c6b66d_0
  - tk=8.6.12=h1ccaba5_0
  - wget=1.21.4=h91b91d3_1
  - wheel=0.40.0=pyhd8ed1ab_0
  - xz=5.4.2=h5eee18b_0
  - zlib=1.2.13=hd590300_5
prefix: /home/bmtalbo/miniconda3/envs/hackathon2
